248448102
216945655
1451980325
706730285
1322370954
15090831
497586128
6824830114
9587057
403010124
6102018281
477442895
14086531
3444023796
3795429795
2102479684
6339806182
273696200
267314464
968710563
584774859
275862411
275932649
4479914887
55122258
217470747
468243220
31533985
1485239104
5543397058
1655318353
6096988688
2278115918
1391367081
29549340
8089295459
5320777996
1433230431
173919255
19412557
2264656915
539705046
16773958
144233634
4643583923
2483591317
5737957368
195690894
222228679
34990047
20433075
4279280753
1453734139
195386641
31789845
42039606
1699874972
5896267310
6672909710
31350056
281094008
7603913
2064639201
199922615
174585968
254564687
509361759
4062478247
6082392963
4121337142
1425634611
190774256
997197798
1596662018
7067636
20595778
30129064
1599229897
6040029153
2008012743
5762925573
3579369413
2463709722
5981628817
7600927434
258431633
5943356799
240042874
215789700
2369701034
1905073505
2982441288
1949242778
7164850611
500272466
493906295
1994082312
1889734
5676581981
27471339
49210906
457074626
18309161
27285941
220533549
2359479266
351057890
20200236
4274380554
4457780
1731074563
6001604318
1295533150
14744757
1164388783
1829705348
200971501
31407247
17953588
4843943275
5941729605
20472371
2081507415
6285965982
39706494
3022849051
1199008456
248422060
26883700
6284777780
9662039
5731314223
1715189358
193373899
26653265
180270752
271002048
556079606
311550186
1035356398
2118341469
1532271338
1005931372
1417982641
262679792
194485948
8464748510
409516309
9038638
506644300
174202436
5812217573
322866960
6808293
217511502
4850131513
890186209
188192199
4206765280
225470422
2928118547
612407945
20975497
7212181462
266480942
41068131
190762562
253770493
217269391
1543485790
34441423
349446605
233575562
1008537053
176025007
21821808
1994972912
23444526
21959643
234080490
215464335
6721011537
703276412
898418602
3173362913
354178573
664173916
7131216054
334534316
18986608
1703791740
3795120
4362401291
193478042
274343114
1935324848
11409984
252176682
213279959
1635843567
247675236
8220389331
17563753
3596456757
3447359975
9118295
876631397
2102656615
2028995345
273509738
2203668323
2731251719
229395956
1685013671
1488803552
22271035
3425744678
219983709
203433522
3172045
145956348
263363990
45193056
2966675709
185045469
1448182835
268668356
215558497
1607611589
502074960
1421593132
1164463550
53082493
27273774
375960453
51163361
1544411359
19663879
27300829
3794222714
305200509
225888266
280165520
185588825
230136
206009535
281876174
4183967851
319963284
1615215218
264247405
2236427673
1654545221
7623735487
274399758
3985211860
11431361
357249327
5985530225
208065213
246884267
8978754
256434518
3494125061
18537029
5355060169
17050122
193922613
968673406
39122327
6513428465
25540606
7533935774
347008130
201505067
35832276
8258436855
4722194191
475763922
309058057
7190584084
11213289
3088303029
2062275851
25434788
27641963
334788100
3911915248
6007430190
5932131
214229575
4290501
192762999
23908001
291062750
3269182105
4466213624
583386313
7461311
265892806
356655504
29508069
54928113
6525055155
5454128
5395712561
3885291688
1634359946
1643076940
4769358169
12985858
857316325
241801962
8483635066
282230941
295977496
279115495
1748350860
5752429288
2175694184
266214331
49383953
3583116
8509050773
712780112
3110490009
476543508
28507176
391536545
16701146
8560200479
1409798238
186755647
5728894734
5568160619
342424350
306989543
6981447905
625590827
20087829
378778185
224532326
2431361237
6565561
2992010371
42605633
49133157
1811494222
1158608902
16659898
2125012605
1828811526
773174903
31356625
187747692
2155864344
28286956
240662851
34767928
1475009992
271079376
9853510
5431513
4331012015
2240008101
8261118535
8023552671
1667217688
8621905935
319661520
1711658496
2464100
2587961012
1374927257
256376933
23831936
1779442904
25199325
21984492
3068040878
580730214
441391405
200780169
26418890
15947275
4616818301
1463711814
1010648756
182949678
234273440
263456924
2230795160
1362800204
2215660740
1388177687
282638143
27818163
310548532
7869778587
4180523215
1973651577
145212399
5669056245
1297616007
2270451254
1409561300
4180756087
20750467
43402061
10549625
311000259
4076820
28623383
1131099050
6226994400
531043884
195269540
1498223959
546540289
5364774965
2539168736
1984992707
22375563
2200121728
26933291
1137908245
24906893
228284273
10782153
19941757
280185247
6754385472
25238969
7927824954
6500519730
4703919615
224458980
2389877153
281440103
20211282
23034260
208703481
1100864776
3503464361
1105264576
8614345
551961952
27472622
1938344564
7564748799
1588229310
47918617
175058659
177128720
6334228722
8508551905
881241764
189946223
4047546
48492376
1481077212
30816369
6819216000
17330697
362084595
1490506887
5544732627
6392761
1500446813
2159161488
37333928
45066906
496353264
293589778
242443166
314229449
181836586
4715671
182853425
260143249
1265372898
18819488
1535988271
26765251
47047984
6812349817
24634606
20625879
2080733984
643784613
1263341771
5682403196
4154698292
177773514
7075118543
45333004
1022258000
2096184302
2122373469
476770629
216429803
386253290
2096873352
5454339783
271945681
5969676618
588431762
2031308412
446511540
304453534
2701436692
7682860447
13230851
6059273531
2057923436
23926612
22072808
4009304
174861178
3729042834
221521547
7468727
26181813
910285054
386419021
3582427233
264391391
3426751185
46506088
224825053
1508646147
241791646
2239328463
13738870
655297120
189606101
5969444638
2253784416
5150740
292294986
6230584361
11390139
26981820
365123838
3612383968
1405985524
21081180
1322793071
197977380
1700917653
1224458287
2463138841
457912569
8034924
5535729828
11482771
903485149
20007322
4290244543
14435150
580052172
3182335184
2022707258
49037109
29625042
3078113670
5970720810
1415787244
1504593978
34849484
435298295
1341654724
4259738213
4957348045
1392033384
1487918510
199110306
5774948882
6919016548
5145593453
48632790
8381528451
315029858
45649001
2018255479
178354350
179475244
444078981
1333032800
7159495173
8550022563
6041315024
54928403
813914883
3245475
237571658
16014459
7047722800
6433984378
15777565
2104676631
7871027816
1686179734
273032759
434103
7538308542
1702219592
1548031965
3312903168
1071850765
6764839708
1616120949
359431929
1443317086
54614256
371342628
4170034673
1395362761
2736175386
391103801
4736650920
4142180115
1737437235
33536043
49639049
5739795381
218014526
2460161294
6005467395
6309855
5660545307
911031812
1715199713
584811516
224852053
195786582
18116635
485217944
367310344
1280644063
3989444
229970565
4687706271
19389131
22549039
1965633307
196880496
1755648969
261507585
1615197559
291371307
4868331203
7283786860
356713121
277375011
278959846
5964126229
2243360691
5879629
32760550
268575568
1418151647
272718722
282172222
175592194
13833217
1097335339
180214848
375218423
205818746
5911813797
203067751
37697193
1482650680
6979745702
5454563709
1143231072
2212593096
2438956844
3592603030
49595458
8193320104
192718216
8256049276
3788179550
2898337522
392650942
175266403
17607934
1194853119
26893691
199735788
2249725044
7804312
35051887
25808192
298441721
178616804
1088130555
3417599130
1447938338
1988197811
17134080
3931875650
6663811575
831924626
24443346
40034651
8486053
1561649186
51333428
622757134
143549198
271437832
2198889829
33013218
17983731
178426185
56174834
33935002
248448102
216945655
1451980325
706730285
1322370954
15090831
497586128
6824830114
9587057
403010124
6102018281
477442895
14086531
3444023796
3795429795
2102479684
6339806182
273696200
267314464
968710563
584774859
275862411
275932649
4479914887
55122258
217470747
468243220
31533985
1485239104
5543397058
1655318353
6096988688
2278115918
1391367081
29549340
8089295459
5320777996
1433230431
173919255
19412557
2264656915
539705046
16773958
144233634
4643583923
2483591317
5737957368
195690894
222228679
34990047
20433075
4279280753
1453734139
195386641
31789845
42039606
1699874972
5896267310
6672909710
31350056
281094008
7603913
2064639201
199922615
174585968
254564687
509361759
4062478247
6082392963
4121337142
1425634611
190774256
997197798
1596662018
7067636
20595778
30129064
1599229897
6040029153
2008012743
5762925573
3579369413
2463709722
5981628817
7600927434
258431633
5943356799
240042874
215789700
2369701034
1905073505
2982441288
1949242778
7164850611
500272466
493906295
1994082312
1889734
5676581981
27471339
49210906
457074626
18309161
27285941
220533549
2359479266
351057890
20200236
4274380554
4457780
1731074563
6001604318
1295533150
14744757
1164388783
1829705348
200971501
31407247
17953588
4843943275
5941729605
20472371
2081507415
6285965982
39706494
3022849051
1199008456
248422060
26883700
6284777780
9662039
5731314223
1715189358
193373899
26653265
180270752
271002048
556079606
311550186
1035356398
2118341469
1532271338
1005931372
1417982641
262679792
194485948
8464748510
409516309
9038638
506644300
174202436
5812217573
322866960
6808293
217511502
4850131513
890186209
188192199
4206765280
225470422
2928118547
612407945
20975497
7212181462
266480942
41068131
190762562
253770493
217269391
1543485790
34441423
349446605
233575562
1008537053
176025007
21821808
1994972912
23444526
21959643
234080490
215464335
6721011537
703276412
898418602
3173362913
354178573
664173916
7131216054
334534316
18986608
1703791740
3795120
4362401291
193478042
274343114
1935324848
11409984
252176682
213279959
1635843567
247675236
8220389331
17563753
3596456757
3447359975
9118295
876631397
2102656615
2028995345
273509738
2203668323
2731251719
229395956
1685013671
1488803552
22271035
3425744678
219983709
203433522
3172045
145956348
263363990
45193056
2966675709
185045469
1448182835
268668356
215558497
1607611589
502074960
1421593132
1164463550
53082493
27273774
375960453
51163361
1544411359
19663879
27300829
3794222714
305200509
225888266
280165520
185588825
230136
206009535
281876174
4183967851
319963284
1615215218
264247405
2236427673
1654545221
7623735487
274399758
3985211860
11431361
357249327
5985530225
208065213
246884267
8978754
256434518
3494125061
18537029
5355060169
17050122
193922613
968673406
39122327
6513428465
25540606
7533935774
347008130
201505067
35832276
8258436855
4722194191
475763922
309058057
7190584084
11213289
3088303029
2062275851
25434788
27641963
334788100
3911915248
6007430190
5932131
214229575
4290501
192762999
23908001
291062750
3269182105
4466213624
583386313
7461311
265892806
356655504
29508069
54928113
6525055155
5454128
5395712561
3885291688
1634359946
1643076940
4769358169
12985858
857316325
241801962
8483635066
282230941
295977496
279115495
1748350860
5752429288
2175694184
266214331
49383953
3583116
8509050773
712780112
3110490009
476543508
28507176
391536545
16701146
8560200479
1409798238
186755647
5728894734
5568160619
342424350
306989543
6981447905
625590827
20087829
378778185
224532326
2431361237
6565561
2992010371
42605633
49133157
1811494222
1158608902
16659898
2125012605
1828811526
773174903
31356625
187747692
2155864344
28286956
240662851
34767928
1475009992
271079376
9853510
5431513
4331012015
2240008101
8261118535
8023552671
1667217688
8621905935
319661520
1711658496
2464100
2587961012
1374927257
256376933
23831936
1779442904
25199325
21984492
3068040878
580730214
441391405
200780169
26418890
15947275
4616818301
1463711814
1010648756
182949678
234273440
263456924
2230795160
1362800204
2215660740
1388177687
282638143
27818163
310548532
7869778587
4180523215
1973651577
145212399
5669056245
1297616007
2270451254
1409561300
4180756087
20750467
43402061
10549625
311000259
4076820
28623383
1131099050
6226994400
531043884
195269540
1498223959
546540289
5364774965
2539168736
1984992707
22375563
2200121728
26933291
1137908245
24906893
228284273
10782153
19941757
280185247
6754385472
25238969
7927824954
6500519730
4703919615
224458980
2389877153
281440103
20211282
23034260
208703481
1100864776
3503464361
1105264576
8614345
551961952
27472622
1938344564
7564748799
1588229310
47918617
175058659
177128720
6334228722
8508551905
881241764
189946223
4047546
48492376
1481077212
30816369
6819216000
17330697
362084595
1490506887
5544732627
6392761
1500446813
2159161488
37333928
45066906
496353264
293589778
242443166
314229449
181836586
4715671
182853425
260143249
1265372898
18819488
1535988271
26765251
47047984
6812349817
24634606
20625879
2080733984
643784613
1263341771
5682403196
4154698292
177773514
7075118543
45333004
1022258000
2096184302
2122373469
476770629
216429803
386253290
2096873352
5454339783
271945681
5969676618
588431762
2031308412
446511540
304453534
2701436692
7682860447
13230851
6059273531
2057923436
23926612
22072808
4009304
174861178
3729042834
221521547
7468727
26181813
910285054
386419021
3582427233
264391391
3426751185
46506088
224825053
1508646147
241791646
2239328463
13738870
655297120
189606101
5969444638
2253784416
5150740
292294986
6230584361
11390139
26981820
365123838
3612383968
1405985524
21081180
1322793071
197977380
1700917653
1224458287
2463138841
457912569
8034924
5535729828
11482771
903485149
20007322
4290244543
14435150
580052172
3182335184
2022707258
49037109
29625042
3078113670
5970720810
1415787244
1504593978
34849484
435298295
1341654724
4259738213
4957348045
1392033384
1487918510
199110306
5774948882
6919016548
5145593453
48632790
8381528451
315029858
45649001
2018255479
178354350
179475244
444078981
1333032800
7159495173
8550022563
6041315024
54928403
813914883
3245475
237571658
16014459
7047722800
6433984378
15777565
2104676631
7871027816
1686179734
273032759
434103
7538308542
1702219592
1548031965
3312903168
1071850765
6764839708
1616120949
359431929
1443317086
54614256
371342628
4170034673
1395362761
2736175386
391103801
4736650920
4142180115
1737437235
33536043
49639049
5739795381
218014526
2460161294
6005467395
6309855
5660545307
911031812
1715199713
584811516
224852053
195786582
18116635
485217944
367310344
1280644063
3989444
229970565
4687706271
19389131
22549039
1965633307
196880496
1755648969
261507585
1615197559
291371307
4868331203
7283786860
356713121
277375011
278959846
5964126229
2243360691
5879629
32760550
268575568
1418151647
272718722
282172222
175592194
13833217
1097335339
180214848
375218423
205818746
5911813797
203067751
37697193
1482650680
6979745702
5454563709
1143231072
2212593096
2438956844
3592603030
49595458
8193320104
192718216
8256049276
3788179550
2898337522
392650942
175266403
17607934
1194853119
26893691
199735788
2249725044
7804312
35051887
25808192
298441721
178616804
1088130555
3417599130
1447938338
1988197811
17134080
3931875650
6663811575
831924626
24443346
40034651
8486053
1561649186
51333428
622757134
143549198
271437832
2198889829
33013218
17983731
178426185
56174834
33935002
5826517197
7816906
3269787893
6968236749
51576939
401384209
352902197
7225486390
460067686
3304954287
292371057
177412556
258513621
8744245
20731820
20282360
235524406
182337808
277292313
7064420
6003994
52794184
11151591
239347675
8439719143
27008551
23486480
255182165
1750506516
6924327
6921701927
384927558
33255262
224458980
16710385
10308818
1949462577
7504479192
6058355977
3533947380
2715918
1988340796
556076081
22359177
21714131
207371312
145443398
12285218
55285554
470267220
259146411
241357327
216480763
18443757
1164388783
6097627319
2738256497
1904304963
5941491344
215167890
193332132
1724052351
17097709
16234512
1462851698
9314982
7417899
5511950434
25428976
204102298
20176897
6941510260
616049088
53530019
4509080
29637844
25972080
18495458
177866190
144517125
1415713260
13179689
8710513
8209369270
6647016
654478992
415112028
41172940
234133309
554083084
547840504
36883532
363344038
28643285
24596115
226660026
212361891
211373145
143977046
7842868
7477341
26962264
252041576
2464175467
965729218
8664059744
8572258
810083704
7563339
54481031
50862939
476657045
360066508
2963699232
28186411
27521789
267344301
26653940
25534546
243275109
2180536268
216123112
199839634
177895585
17466450
16652263
144163268
5412825695
48977629
35600265
33373611
323539037
290295438
24435576
2413288214
233436210
208054444
20200395
1625844905
1503649951
1488971332
1299033128
12657934
1183489885
8425777860
7700953211
7514652369
6582409
605467
5871627
5747790
562629581
4737337614
4459089
444210878
43415144
41005267
374335841
3609484805
3579859657
34454440
314116591
2951224885
27382762
267456630
25805483
2366372866
2272733288
226182850
213981306
202440899
19300999
19066920
19064719
181199896
18115288
1792460
178454362
1701846664
17015645
1615693788
7492350913
6670038
6621358028
4708194
42891443
272614432
21852022
20649602
20210842
200047027
19632790
195996379
190413045
180317101
145204772
13852584
13304423
12749515
964754165
8593209300
6021734
596148403
52362104
39022215
3273241
31263606
267100162
257258669
253387826
236741263
225561272
2143162774
21391413
20730085
199084957
189915488
184262179
18163830
17146671
13848225
1365554380
11454840
1135146
10951169
8145488137
8001659253
55009739
48937341
4470978843
293436369
292848612
289763989
2801058102
27629421
273155761
265686691
25665200
231038958
22065009
199727574
191548208
18523660
181444652
16793669
15249729
1413235559
13754240
11041280
10734249
8737162
792392521
7766016
724097831
6972728269
6838170985
6828215
6691940065
6167228
6007056463
557403249
5560088879
5547726
5359800021
5210265135
51836346
43764970
4375191118
41103378
3580097798
3171002256
31203181
291438570
27707853
268647584
259466514
258970921
256678389
23742984
234200776
228284273
223185333
219427164
213838317
21372426
21303972
208961960
206091192
2037696577
1998131842
19436069
187126964
186667023
16729665
16709984
1617325073
1510492805
14624302
1436260492
1431207384
1368948960
10847675
1070055241
10564207
6235490
5875900
559760586
535408519
512314282
4982621043
490862586
4680676
4221164414
4008223
399209670
382803653
353420179
34417026
3385040
325824001
32437512
29134087
271744523
253307249
25137149
24356266
180790223
177287392
17526014
1646332
1511783267
13546027
1316011142
12937785
1261746
7893262
7102494
6865139639
635272433
5595493
55808134
5565528627
519936
489319193
4515874489
45069789
4390619455
422285977
40063797
3797947
375699083
33703468
3225921
310356807
30771859
27947018
27359529
26632257
256400956
24744965
2461986
23088715
21283460
212407652
205818746
200167889
195669939
19543283
189253350
189028206
186927720
185872840
18499360
182617263
1804107570
175203657
16421759
16370073
1607779869
1552364406
14996757
14815349
14601851
145162738
13729992
13687872
1352949967
11585868
11083133
1018998192
9018041
8820625
8478182674
8171234547
7784895998
5873458265
5771713
5682634643
566385082
53280127
5145593453
51352497
47916303
43232262
35731705
3423059100
3406656530
307697767
297745350
28177644
26991364
258530201
255454557
253815893
23586211
227908511
22743005
226664998
225615247
206704201
19839770
19468950
190756819
19061572
183525290
15720422
12966793
1270081
8464636593
8339894539
8271441188
8082611
7810120727
7731488
7297291791
7148880539
6768703207
662371289
5925503101
583000220
5753503757
5719586694
5704330
55863331
54501293
48140002
46438617
440937284
417207252
40999
40120985
4000525651
3974512022
384675279
3774784672
375041277
3645925366
3567516155
355980032
3555297657
346942148
346059256
3439565043
30832029
30639283
3040134748
30346627
3009298540
29876522
2944092216
292830017
28450173
28205189
281572463
27852936
27648033
275743001
246883621
2412633269
2334013225
222665944
22152836
21500752
20963516
20433075
20351149
20297612
197630872
195613910
19299804
191819197
191817281
191137957
1903503799
1890400
18888110
184117099
1825958282
181612554
181006534
17884471
173898812
16683158
16564967
1618061473
15003524
1499385964
1495153932
145894098
14385045
1434058909
1425361519
1413096281
1412544230
1408534734
13459243
12885311
1177075112
11649564
11413209
11089152
10908237
9193628
8246762143
7683552
5503919432
54195512
4838926187
483337109
4765866297
46913453
44245301
433852401
4212104338
3949862773
34129635
33692645
324281082
3240609882
2966557639
29497300
289881413
28525702
2841689
281017261
27855776
268183738
24762672
236369378
2297378194
22437859
22101705
216786755
21354172
21109658
20988310
20174409
201514030
198750887
193764867
186312722
184962993
183603545
18305228
17866682
176936134
176382759
16577613
15390866
143818754
12852707
1203404611
11053988
10980295
972347153
8682016530
8158659147
7516284932
7507800
7337178057
720677515
7071571
702537753
6427539
6337890
6009383451
5976279441
5862552849
50360804
50016867
4974514
49676498
466898488
4579693716
45151210
444718959
44315894
44213098
425743672
3978092360
349788553
33706801
31739857
3135625792
30975705
3041852022
29200902
288529318
288252745
27740654
27649029
275899485
27001875
2585624
25644787
25435343
25245240
252078035
246384476
242983328
241388863
239741142
2202861838
20759179
20707111
20557525
2004357713
2001629937
19805065
191515517
191162140
185380193
184605766
178360816
17697947
175931352
175642254
1695818666
16956940
16669892
16086379
16019971
1594730001
15726209
15445136
15216114
1515042695
15092703
14965371
1492613301
143933702
1383965654
13472962
13067364
12884442
12540692
11798173
11496925
1081921242
1046538820
9628342
9559244
821512246
7808938693
7586540941
7435620994
7297370066
6783218531
6089023
5891525351
53342554
523600917
4465801
4106716653
39288
328659671
32483382
31325328
30038119
2960293208
28822868
275531601
25699548
24647187
24469195
24099610
23473498
23306427
222376706
22157171
22090191
21639467
2137737326
207785424
207175630
19402642
18931606
18304880
181438162
180321563
179921491
17310123
17305277
16913194
16820759
1643579083
15146677
1449799701
13899723
12501232
11692037
11646829
1123060351
11070870
10758364
10355887
9932763
9848779
980057
9549039
9379806
9351105
9022571
8991594
8639593
8537774882
8537704925
8510236
796924174
7947872
767065573
7339478253
6831621
6820845
680978216
6723503
6645506616
6220939193
6171323464
6026491746
5945081777
590593491
588232052
5871691848
5762597415
5752281
548750758
54561834
541590936
5375363419
536249341
52776185
523373944
52126346
5175724
5136087
512285536
51165143
50987831
507283693
5038809370
498335021
4977558891
497695957
495256779
4938119924
492991071
4919043
49169712
48112977
4784255383
478165606
475763922
47515766
47498612
4718248667
4610884722
45544275
451405664
42983222
42406697
4125421015
405079505
4046343157
4009913802
3913499884
378990079
378878042
37396021
3722600721
367190651
3637210495
36051750
354276687
352313539
348942756
3471275
3450302
344902908
34452311
3421965312
3408684337
33744626
3309832743
329538838
32855569
327951800
3261671493
32532038
322672476
316458525
31432911
31336809
31319287
30839477
30634531
30384349
30367264
3034526476
302656699
3018416862
296845724
2949225171
290908382
287595752
28178888
2804453577
278692621
277848059
270030294
269687991
26532597
26310872
26077356
26053965
25912980
255298620
254622210
251864534
25001680
249324617
24914741
24771798
247343687
24509886
243887119
242139124
242050194
23630569
2356805861
235596374
231094508
22995117
228907932
2275547284
2266906928
2263265590
2255711628
2254211087
22530334
2183050220
2159361511
2157627701
215558497
215271634
2136531250
210577745
209822741
208871006
208545429
208194603
2079664224
205979252
205663777
2045427900
2043050130
20398464
203827404
20219039
202121818
20174332
20068345
1999063264
199568149
198646298
198273803
198074037
19779330
1970841430
1962986488
194130591
1923937
19151202
1914273285
190938204
190766861
188666628
188547537
183587875
18309883
182752396
182719051
1808317
180338385
17982523
179396421
178739604
178332495
1776823422
176679195
1756727480
175391396
174974803
17446556
17415860
173571361
17132534
17099902
1703790592
16826678
1667771734
16649979
16637861
16628853
1656958569
16386625
16153921
1575281086
1574191740
1574170436
15402948
15359939
1525232865
15010429
14816303
145968234
145505477
143973888
1433337263
14286244
1419941515
1418407544
1396757915
13867526
13322632
1326797520
13086498
1292823437
1267525868
12651797
1248318943
12416603
1217575172
11674132
11380336
10786251
1010886837
9226863
8983620687
897394502
8543189442
8110821
802445426
7712179923
7520369012
7475965
7263163
7246871383
720622067
7082200113
6963284
6907981156
6739905870
6712747884
6402119590
625485832
6179909
6175483030
6052145957
5852127978
54607635
52640013
5247180011
488040430
4721814569
4464154764
44624204
4231716662
4185539226
417523968
4147137
3974358577
3602248387
358051319
357604137
351550590
335210960
330753839
32389867
304700095
30261385
28647510
276985768
27664164
275636020
273975863
2690285979
2690093
265127254
26507861
26497978
264645721
26244126
26167589
259091410
254493076
25237595
2482509
23998614
236871290
234711337
22752115
226040294
22330158
21976734
219353762
218104886
21182769
2108244498
210627659
206009535
19955830
1979318401
1938807198
1933577604
19157840
184458661
1811326761
178466056
175396047
1696336563
16877600
16011714
1537108579
1524516819
1507660251
14883752
14732040
1465439986
146214740
145174228
145109342
144813442
143635911
14174540
13968143
13750924
13381841
13230504
12283742
11715845
11385621
11155004
10144043
9363681
8998449
880514044
8716675
8706956
8602805
857060047
856962882
851590636
8486464529
8402029289
8312445414
8285692
8223340874
811092873
8092161071
8008962825
7971083751
7701596557
7656413
7481030
7398032997
7369116
7205215504
7203995
695471560
6891675
6807958286
6718053
6714747377
6696670254
6676091976
6640935
6524701
644116367
6357382512
6354349769
6340643
631812193
6311481111
624172528
6200786
6091248
6070241
6043451645
6041909863
6010515
5922212276
5907074278
589206106
5891733269
5849114393
5826802180
582039876
577097810
5743987
5728905370
5713783678
5713439
5712599102
5670838
5630867783
562822528
557744731
557020761
556203466
55311504
55310988
5518177
5484119358
54590305
544886131
542777311
536256480
5323576521
52703890
52590810
5239958
52101896
51437631
51376739
51006097
5070148
5019684
490498742
48619462
4825324978
4816027669
480816362
477102244
475279579
47456666
46912247
46673238
4605792262
45809059
4572412858
44882325
4457816
44136285
43876365
437084488
43405159
4288557446
41922238
412320561
41120159
4095286222
40914374
4085052
40285388
40095884
4001061785
3996679567
3989151796
3910857478
3890240029
38778383
36474118
3574258522
35643233
35256115
3511730967
3474956044
3457963590
34468823
3412573145
338115881
326544002
32180580
320025773
318476947
316316675
31235657
311143571
309571501
308220355
305904204
30423273
303819538
2972526525
2927159771
292439725
29127895
2895927782
289070348
288121990
28642232
28527125
28510619
28463530
27989231
27774662
275412048
274484126
274414654
274127327
27204369
271477394
270915723
270643382
26744732
265961859
26552378
262395625
26159397
25911154
25817910
257889685
254253901
253902125
25337834
25087949
24605177
244108294
241985213
241332259
24012158
23816929
237158998
23480087
233100961
23018510
2268090841
2264072538
225897499
2250987208
224409283
224055593
222406526
22121281
2201758947
219914048
217995976
2178345595
21745769
21646405
2159844399
2157582
2154053914
21363989
213272071
211222282
211042227
21094938
210418430
2099346564
2098946671
2070320609
206989387
2057150220
20347882
20321996
199328521
198275607
197286992
1972653038
196423597
1962002581
195734296
19568483
1942339182
192195673
1913934304
190751543
19066463
1904930548
19037140
189435584
1878133
186774116
18511328
18483777
183302597
1830344
18231574
182203443
18162853
181388173
180309377
18001691
179411014
178476884
177910564
1777919984
1771971327
17612784
175623720
17550745
175412979
174300098
174263090
17325822
16995812
16896786
16587195
16552529
16496265
1633122440
16077253
1594982103
15791037
1529769116
1514959901
15108285
14931746
14647089
1447648909
1447376943
144341956
1433211170
14113746
1406008972
13844767
13720863
13716686
13678926
13631909
1357167949
13516433
1329915198
12804447
12427100
12034244
11711645
1163073668
11318331
1131545241
1107186474
1104538291
1047733379
104760085
10223520
10102519
9153056
8910493404
8486046
8460134
8255794921
8165750
7920465
7866842
7786566
7286777913
6848117
6775188
612771068
5777302913
5690805810
5504492074
53178585
50946642
5008219
46219493
41103492
409742405
4093206129
407123430
40096697
39623783
394268766
38982059
38901493
38544462
38073755
3690566877
36519589
36309227
34181356
327775767
3271205555
323549042
3195442864
319363672
306680297
30475922
290672295
28152325
27655255
274728327
274511621
26767433
267117252
257686315
24915672
245374118
2313505874
2258216204
224399578
22394718
22373112
219880743
20739127
19664632
19522535
19235427
192343538
187696999
187171501
183513665
182600786
17975743
179480700
178455921
177777101
176729674
175187374
17517008
17197855
16736700
16111828
15369313
15215890
1457990439
1419710851
14015240
1389211569
1387755552
13265789
1282122223
1170826383
11347669
1075316824
10552824
104763818
9881405
9872103
9863970
9666752
953977057
9432847
9361924
9233518
8976948982
8961372439
8953126
8914869
8877201
8838056
8636897
860037178
8591946
8572642442
8437294730
8437287
8429320365
8403115484
8386366
8379819819
8339724335
8284728713
8253552
811114437
8056681511
8009406
766602165
7567293768
7522536
7493115984
7489344609
7434767422
7373427723
7369679882
7349433083
7328464521
731460
730409345
7281293525
7270278383
7168935406
7112477008
7079772794
7074176166
7011518
6935234908
6805643
6698681615
6666584389
6636683369
6636490537
6545165
6477442
646620449
641963313
634743603
633822806
627587099
6217515206
6196482
616520
6131809
6052818
6052370780
602392477
602135828
595028096
593413331
575101
5740776293
572183222
5695572798
565422725
564825349
5587657355
5561664609
55301503
5517454
54969258
5490291640
5485437237
5467328257
54615279
54518510
5440313895
5436751871
54273435
5427058046
5366739927
51702500
513710483
513380999
51270753
51070897
5098872
507094164
506707
5042277452
50386155
501571056
501556234
50075943
49981523
4979028180
49349272
4931747979
48721777
48704109
4856399
48435781
4780188
4763345081
47557256
45497006
454709560
4538207192
451077144
45070533
449892079
44971857
447930234
44696843
446258188
4364285425
4348689333
4307311196
429852440
4296322
4294273773
42788248
423711866
423598123
42344929
4212613
41883236
418275901
417748551
417289022
4171161
4164793394
41512749
4110983586
410857724
409472367
408392644
40751214
402527
402441381
402398009
40172300
4016234965
401536797
396042582
3951576749
3877330418
384529091
383701285
383253554
380704459
380048333
3798263
37725382
37638842
374802467
3650758181
365067222
36506355
3637563019
3607978263
35734031
3564231680
3524195156
3520585399
351966079
35156017
3492636
346597610
345164676
34465030
34431257
3436992325
340629348
33391852
3313904286
3305933868
329045875
329028371
32759550
3275713694
3258607826
322635040
321907927
3209380146
319062441
3175139041
3169463627
316427634
31506075
314447893
31358870
3135709895
31310006
31298736
311734486
31027368
3098954168
309832628
3096104992
309068617
308608844
30818416
30777253
305122369
303132652
302022566
3011107795
299971807
29987856
2994586277
29854928
297824782
2962105950
29538114
294339529
293548649
29317763
291952856
29194850
2914831
28910339
2888361824
28723467
2867186178
2863175
2843256
27996721
279059075
27777509
276537448
275848882
274514216
27433418
274231245
273420784
27341892
273200611
27299438
272433909
26967012
268724806
26645773
265613345
265568584
26532957
265188981
264848545
262033075
261617868
260443666
259742898
25909535
25809989
256447502
25533563
255330365
25377072
2518408059
250812942
25050703
246141938
2460827992
24468184
24465006
243786254
243012789
242865878
240206576
2391525425
23822882
23732654
23596198
2359006111
2352320877
2350241995
234914962
231961057
23193228
2315895419
2315692348
23154852
23144209
229971130
2279761977
22736086
22639571
226217184
22553999
225228665
2248224399
22407490
223690726
2236612873
223630076
2235349773
223418039
2228594875
222822673
22234750
220962189
22093730
21981722
21964681
218820384
218485096
217691201
217678375
21752210
2157037898
215620305
21551304
21516097
214071093
2123421913
2117613196
211742703
2105779439
209258502
206529036
205079707
20462245
2037141718
201281558
201182842
20076883
2006223287
200428996
2002057176
199862
19942140
199410630
198968316
198008444
197679191
1973078484
19717268
196773245
196762321
196453949
194631600
194446791
19420885
194192118
1937436439
193398000
19307483
192509223
190885736
1904930858
19026493
1895899
189179349
18804842
187774502
18762532
187087568
186968447
18693859
186799631
18661467
184731679
183975959
183935643
18234953
182317795
182163123
18157374
180841140
180784512
180624106
180281178
180274408
179880140
179526259
179278161
179176428
179121659
1788910460
178399440
178249937
177958677
177853734
177368308
177342584
1753718204
175135650
174740675
174570761
1724745815
17211015
1714572004
17140920
17106653
17065736
1703372538
1684582125
16737767
16716526
1671549348
16713348
16709158
16698055
16682568
1658756
1653140000
1641558842
16314519
16237037
16213812
1618071830
1613610603
16119339
1601482018
15920381
15903737
15849865
15829954
1572958115
15726161
1566172152
1562805253
1562351645
15588225
15571966
1529691843
1523520186
1521659338
15119545
1505567554
1503398880
1501538247
1480682093
14798434
1475228511
14744757
1471648698
1470799207
146156378
145468281
14505304
1449458830
14493826
14488359
144680038
144652351
1446116934
144541644
14437472
144006487
143949269
1439402044
14287206
14265985
14263108
14256126
1420797046
14039158
1394165868
1392515188
13848200
13795715
1369225161
1366812344
1339458265
13234901
1319802566
13062420
12993216
1299041929
12943570
12933664
1281702716
1276172524
12729627
1265871272
1253964351
12481242
1234871220
12296022
12270023
12256750
12125551
1209826994
1205249015
1197396379
11659166
1163551752
1136959946
11223215
11079158
10964208
1093951305
1063823712
105007734
1050008850
10491187
10269014
10163697
10128458
10088623
8464147138
7909318598
7743755
7585357
7531465
7456069
707796386
7046549505
6963648
6872089834
683485791
6729118061
6269957794
6169879
611354317
609765909
586888295
56197156
5454712075
53795601
52160660
50978872
50924376
4812596610
454982651
449699310
4462840746
43123780
42734143
4185368
4143995
40375975
395012409
38736808
331161072
329490020
3271512063
32679427
32162703
29693502
29342267
29253194
29239615
288032418
28797965
28024992
28007785
279994554
276548395
276257729
270882712
26358322
26242826
257444006
250251217
247403505
24525490
244346070
241608710
237477700
2362121745
23593338
234934505
2348472452
2319497838
229450417
22810436
22724286
22404242
2236199169
215593982
215493624
212723349
2118011124
21079235
20876308
20779624
2075497015
20502607
200822565
200455807
19511367
192402327
191182906
19116442
187319227
185913757
185509898
184787595
184465887
1831801626
18243077
182280193
182218071
181699304
1792381291
17909918
17862026
176734156
174516077
17364571
173537582
16945337
16938541
16797100
16648411
1640625645
16383771
16305999
1613393404
1544003178
15092105
1490109602
1463463506
146002147
14454505
144264596
1439010502
14320028
14307455
1416940257
1395460
13881358
1313646857
1241584231
1240377
1217823537
11340499
1055580897
9906479
9818430
9711493
9690426
9630524
9571066
9508615
9410770
9191571
905591636
8992275
8869904
877489990
8702914679
8697151017
8585254917
8569246576
8562073327
855854973
8542540941
8484907823
8477834914
8473046030
8463433935
8457224896
8433699
8424743777
8417363193
8369027590
830631030
8300186
8225681841
821588255
8208073
8167420
8143363999
8121009100
8012479
7993063415
7969536
7939231950
7884748
7883872437
784586105
7718991366
7709645378
7699193834
768842958
7571955784
7537849833
7516908
747161
7452988171
7420161
7406435406
7403711945
7346127417
7330069335
7306147
7231819500
7180780559
7157671
7124400
7115298482
709755362
7044352100
7041276024
7040744
7038101
7023044539
698425638
6942584255
6934952755
6897928273
6798040388
6762519293
674303908
6742839
6585240311
6557331953
6533332
6527040
6485932
6485864248
643245075
6404674
6309975
6295592888
625893831
625590827
6224202887
6169855676
612746664
6076950
604283883
6021486790
5992150477
5937311641
5871333
586894564
5827645
5814797748
5792401494
5791316786
575947848
5754872602
5674779813
5628635649
56197651
5613765948
559400002
5582648
5557106779
555502519
55272587
55217456
548517420
5482337413
54468392
54258847
54191531
5366568529
535532441
53182030
52950604
52915903
52191421
516688335
516130
51024800
50752175
505873635
50467706
50454877
504449165
50137636
494783146
4923069043
49186766
48881044
488355614
48558278
48046720
4790219696
47604979
475463888
474362333
474048549
47400126
4729071768
4717884204
4667750051
465995209
4656352393
462658483
4626036425
45621933
4557625835
4552787999
454237535
45193056
45014333
44853874
4484116066
447893180
447763725
447010602
44437357
44114079
440980614
4340534676
43335882
43255264
430057807
4268873732
426744
4252271158
4250550074
4249124010
423501728
4207568071
4202663
418112621
41622525
412400050
41029191
409411439
4079941782
405459523
40470662
40413734
40197370
4018021737
4001751014
39998198
3968215462
39389958
3906953158
38951344
387598258
386569472
38581855
383398063
3825607
382157594
3802706226
3797500
3723138078
371473143
370486511
3674255539
366655230
36624802
3658064266
365695208
3638984948
363316192
36312075
362804911
361643440
360959515
360178541
360013970
3593883906
3588224
3575948567
3567732736
35617968
35548489
35504209
3537505481
3512230
3511246895
351052982
3510475574
3502976438
3498158523
34879867
3487570889
34718120
345201174
34496684
34442222
34437060
34190197
3418139901
3401480
337842892
33635586
33631736
3362196
33443637
333890172
333680632
333191730
3324234322
3321167021
332075397
3313963774
3285413617
328401371
327303253
32626477
324138523
320869964
319997880
319202953
318540925
3178274745
315183604
31197997
311783801
309658841
309648825
309581802
309371397
3087781523
3086701036
30667143
306402560
3058825372
3058753170
30489049
304759472
3032411418
3019988084
301356840
29944588
299387845
299339262
29909433
298857719
29863272
298270485
29793522
297275282
297045152
29518358
29429556
293544539
29328664
292904409
29169990
291029089
288727950
28869812
287100453
286367393
285742920
28566434
28525948
284975349
282574535
280855778
278966753
27879790
277992025
27750724
274883979
274644580
274592313
274479784
27447695
274435819
274393231
271893949
27017233
26892348
268718921
2668216982
266694633
2661078
26550022
265398563
2645741
264271840
263476719
26239914
260248503
25828814
257360502
25544582
253862445
253119504
25272469
25149875
25022059
249806301
248017616
24762473
246738235
24661847
246248402
245418788
240872356
240799754
23989117
23985218
23977299
23951833
23913677
238217869
236957950
236917651
23685704
235127555
2346903572
2344830505
233814385
2334447426
23343736
23319210
232639563
23162259
23110915
2307319742
23058057
2292904338
228030203
2275644594
2272200233
22667362
224669977
22408270
2239636171
2235219760
222826361
2227893310
222786921
2218919158
221882941
2215994
221001514
220901295
21968474
21960216
2192891268
218816280
21878831
217436873
21725333
216462506
215262092
21511186
214824410
214771863
2136518789
2136279276
2134879174
213397347
213355402
2124518721
2097642328
209448889
208673150
207757289
207672773
2072299021
2071953790
207049326
206974551
206850643
205972380
205168466
204951997
20451036
202914580
2019793477
201946043
2018006771
2012035678
20045951
2000439629
199855171
19960332
199519637
1989624702
198286888
198119932
1980811
197858
197344986
1973038875
197293434
1968945075
196648539
196069700
196026783
195342020
195054499
19414843
1937570767
1937364236
193233625
193209419
1927060280
192684689
192484734
19193975
19139188
190603834
1902112997
18934871
188396280
187705069
186303965
185576705
185406398
185041645
18494662
18390797
183195418
182345711
182245338
1817850989
18164913
18145817
1811400325
180697314
180674269
18045608
1804017598
179706283
179406394
178957814
17878817
17864040
178616804
178471840
178202764
177743277
17715994
17712699
1770925415
177043087
17669722
176623784
176249759
176231614
175618828
17545214
175426517
17532862
175299498
175204936
17509876
17476589
174726393
174718221
174699275
174607432
173798820
1735471033
1731986066
17310789
1730684
1720979181
17168886
17091469
17076733
1703741397
17023193
1702193546
1696124886
16951905
1692729973
16925485
16906944
1688541369
16712188
16634498
16576691
16537770
1645944186
1603101723
1586593529
1572574601
1571796983
1560138
15525863
1547777403
1547622461
15386031
1538147690
1535120174
1529846927
15258757
15236248
15126169
1511294843
15109196
1502468874
14877093
1485323492
1476926468
1467126809
1465085822
1464387295
1461626426
146087069
1460810390
14584808
1457753208
1455499033
1454387726
1451909954
1449773780
144783877
1444205212
14441179
143996011
1438720437
1430111298
1418045
1408696659
1407244129
13895340
1388800401
1365135036
13629344
1362800015
1350471637
1350186312
13485562
1348497565
1347479627
13403299
1336682766
13340813
13281074
1304431531
1288743210
1281193399
12809093
1279792914
12751178
12587453
12558095
12511561
12488623
1245733
12345557
12157234
11969463
1136290530
1131544469
11274361
1125980463
1125905
1125436523
1107580
11055216
10825213
1082040754
1081505195
1067992656
1059974147
1034057076
10094279
983483444
9358602
9235591
8956589251
8703940
8672486724
8597113392
8550503021
8516677
8465990717
8435163277
8336957
8277124138
8205228739
7865009235
785525670
7830212352
7751934
7716883900
7654416
7635609811
7589312369
7532836450
7510990
7432151541
7313928560
7290657125
7241356892
7221654666
7192619634
7165863872
7094020269
708360418
705637946
7053363226
6979932
6978030020
6973668994
6925879613
6901871942
6729036908
6655809753
6509101363
649461179
6421670242
6418201824
6358240991
6256242025
6208914693
6200410
5951326124
5897146784
5857352788
5826011
582010323
5691675830
55829527
5578668839
5563891524
5525635628
5505378435
5312110996
5310724967
52983760
52709342
52576437
52436917
521506001
521172023
52010387
513735585
5109631
49991612
4990570316
492910175
4910848975
4898140
48041191
47982776
4778501483
4750632925
46154869
458999128
4587706653
44889911
448278888
4419614823
43996971
4320018934
427945975
427537663
42456665
42284847
4153481346
41197908
4117984137
4099097
3980011792
39050391
37887800
3782156028
37784529
3742683985
368473402
36606210
3660019568
365953673
3653673649
363326028
3626005
36056910
3585131087
35776774
35628086
3503338213
34688036
3449995231
3437772
33714382
33618059
334234017
33376082
3294089
32840341
3282220327
3272382352
325920169
3240305303
32216805
317097155
3150229106
3143446491
310330838
3072935254
30302219
30179724
299916520
29843426
29810720
2972162
295214685
29379869
29281407
2920163814
2916632170
290938491
290394415
284989467
28049198
279681145
27501904
27410495
273841913
26416247
26182398
26031325
25827096
25812622
25693327
256376933
25520837
253959288
253841218
2535303046
251337361
250477270
249832832
24888202
248020083
244894264
2438965480
24367846
242099764
239946177
2381511892
235401147
23464186
233718957
23371750
23296469
232582940
232292077
23161535
231451670
2291670174
228116365
2279693272
22773084
2266993128
22645709
225167581
223228761
223182896
22056420
220009243
218110436
21617479
21538422
21306087
2116146791
2103858947
2101890649
208257938
20729344
2060926083
2049823782
20231761
202310145
2012408013
20087001
1997285468
199059001
197224202
196698368
196222087
1956706281
195505488
19540444
1951335118
194782256
194569589
19292243
190670298
1902627608
187138721
186299471
1860523
185495428
18507481
18473466
183547975
18132518
180223930
178970483
17875169
178454887
178325622
17717381
17678981
1764153
176074144
17600396
175492356
1748008732
173564744
16996692
1693752524
1678283383
16747351
16639696
16532562
16192569
16123102
16103597
15885902
15849633
15822338
15252968
15206668
1519389672
1511530905
146163471
1457168881
14523909
145187379
145171123
1444050033
1428355362
1414796930
13879135
1374007766
13706929
1353023254
13180185
1315199918
13144647
1283691718
12681103
12592212
11427182
1125389055
11020128
10800572
10690661
1047939230
10427778
9918654
991560444
986454492
9767969